// This data is created by "parse_ENDF_json.py", using the dataset "json_data/235u_cross_sections.json".
// The points are evenly, GEOMETRICALLY spaced incident neutron energy, with the first point correpsonding to
// Mev_min, and the last point corresponding to MeV_max.
// Each point in the vector is the cross section, in barns.



//species: "235u" reaction: "Elastic" from file: "json_data/235u_cross_sections.json"
fEDCS["235u_Elastic"] = new EnergyDependentCS(2.61834000e-02, 2.96139000e+01, {
   +1.13431000e+01,
   +1.12767543e+01,
   +1.12253538e+01,
   +1.11995320e+01,
   +1.11724878e+01,
   +1.11441632e+01,
   +1.11144976e+01,
   +1.10834276e+01,
   +1.10437173e+01,
   +1.09951032e+01,
   +1.09441875e+01,
   +1.08908614e+01,
   +1.08350107e+01,
   +1.07930997e+01,
   +1.07524926e+01,
   +1.07099631e+01,
   +1.06654201e+01,
   +1.06165719e+01,
   +1.05471984e+01,
   +1.04745407e+01,
   +1.03984431e+01,
   +1.03187430e+01,
   +1.02478880e+01,
   +1.02065617e+01,
   +1.01632790e+01,
   +1.01179471e+01,
   +1.00543960e+01,
   +9.98688185e+00,
   +9.90939948e+00,
   +9.82530278e+00,
   +9.73722475e+00,
   +9.64862759e+00,
   +9.56238542e+00,
   +9.47206036e+00,
   +9.37745910e+00,
   +9.28156298e+00,
   +9.18551869e+00,
   +9.08492745e+00,
   +8.97957399e+00,
   +8.86923287e+00,
   +8.75366795e+00,
   +8.64296236e+00,
   +8.52745553e+00,
   +8.40648035e+00,
   +8.27977794e+00,
   +8.15685339e+00,
   +8.03506875e+00,
   +7.90751857e+00,
   +7.77392987e+00,
   +7.64528717e+00,
   +7.51670103e+00,
   +7.38202734e+00,
   +7.24097789e+00,
   +7.09325085e+00,
   +6.95722335e+00,
   +6.81522649e+00,
   +6.67169495e+00,
   +6.53571924e+00,
   +6.39330613e+00,
   +6.24415087e+00,
   +6.10479304e+00,
   +5.96438794e+00,
   +5.82911252e+00,
   +5.69269544e+00,
   +5.54982008e+00,
   +5.41709106e+00,
   +5.28338716e+00,
   +5.15465187e+00,
   +5.01982198e+00,
   +4.89615920e+00,
   +4.77258940e+00,
   +4.65059046e+00,
   +4.53463739e+00,
   +4.41947504e+00,
   +4.31241273e+00,
   +4.20713835e+00,
   +4.11002882e+00,
   +4.01494389e+00,
   +3.92712837e+00,
   +3.85540871e+00,
   +3.78487657e+00,
   +3.72505594e+00,
   +3.67502343e+00,
   +3.64204541e+00,
   +3.61449545e+00,
   +3.58564121e+00,
   +3.55542095e+00,
   +3.55772249e+00,
   +3.56098541e+00,
   +3.57691571e+00,
   +3.60390875e+00,
   +3.63837100e+00,
   +3.69028292e+00,
   +3.74465247e+00,
   +3.80159600e+00,
   +3.87187718e+00,
   +3.94591333e+00,
   +4.02345451e+00,
   +4.10466667e+00,
   +4.18414752e+00,
   +4.26048637e+00,
   +4.32966858e+00,
   +4.40212604e+00,
   +4.45331889e+00,
   +4.50348855e+00,
   +4.54957520e+00,
   +4.56112386e+00,
   +4.57321927e+00,
   +4.58588731e+00,
   +4.56960355e+00,
   +4.53819976e+00,
   +4.49783061e+00,
   +4.42833598e+00,
   +4.35555132e+00,
   +4.26335131e+00,
   +4.16145279e+00,
   +4.06374566e+00,
   +3.97013592e+00,
   +3.86362177e+00,
   +3.74361970e+00,
   +3.61361514e+00,
   +3.47583061e+00,
   +3.35190827e+00,
   +3.23807941e+00,
   +3.12224509e+00,
   +3.00220849e+00,
   +2.89005466e+00,
   +2.79879497e+00,
   +2.73482265e+00,
   +2.68461631e+00,
   +2.64764047e+00,
   +2.61928948e+00,
   +2.62222074e+00,
   +2.64858046e+00,
   +2.68787424e+00,
   +2.74135058e+00,
   +2.80658746e+00,
   +2.87507769e+00,
   +2.94680851e+00,
   +3.01948050e+00,
   +3.08998000e+00,
   +3.14905200e+00,
   +3.21091496e+00,
   +3.26017536e+00,
   +3.28682500e+00,
   +3.29077707e+00,
   +3.27507840e+00,
   +3.23928194e+00,
   +3.18403568e+00,
   +3.11102399e+00,
   +3.02031023e+00,
   +2.92162147e+00,
   +2.81314000e+00
});


//species: "235u" reaction: "Inelastic" from file: "json_data/235u_cross_sections.json"
fEDCS["235u_Inelastic"] = new EnergyDependentCS(2.60000000e-02, 2.98240000e+01, {
   +7.87358000e-03,
   +8.34532764e-03,
   +8.90353557e-03,
   +9.58616339e-03,
   +1.04504357e-02,
   +1.13703551e-02,
   +1.23339150e-02,
   +1.33431855e-02,
   +1.41996930e-02,
   +1.50923832e-02,
   +1.59284320e-02,
   +1.67618676e-02,
   +1.76675315e-02,
   +2.35731199e-02,
   +3.46413760e-02,
   +4.57870596e-02,
   +6.45824323e-02,
   +8.22639046e-02,
   +9.82340974e-02,
   +1.10342653e-01,
   +1.22815232e-01,
   +1.35879502e-01,
   +1.51329159e-01,
   +1.71255441e-01,
   +1.92127013e-01,
   +2.13185477e-01,
   +2.43507403e-01,
   +2.73234354e-01,
   +2.96504621e-01,
   +3.20878815e-01,
   +3.42634634e-01,
   +3.68227227e-01,
   +3.95033917e-01,
   +4.23104306e-01,
   +4.48940652e-01,
   +4.78676460e-01,
   +5.16196195e-01,
   +5.49108252e-01,
   +5.80776577e-01,
   +6.25637584e-01,
   +6.57631252e-01,
   +6.89838269e-01,
   +7.32452645e-01,
   +7.77088620e-01,
   +8.25221543e-01,
   +8.60743117e-01,
   +8.97546103e-01,
   +9.39260771e-01,
   +9.89154300e-01,
   +1.01815314e+00,
   +1.05091560e+00,
   +1.09049469e+00,
   +1.13195140e+00,
   +1.17456401e+00,
   +1.20244388e+00,
   +1.23164635e+00,
   +1.26089458e+00,
   +1.28504726e+00,
   +1.31720174e+00,
   +1.35326574e+00,
   +1.38044321e+00,
   +1.41888346e+00,
   +1.44716249e+00,
   +1.48245025e+00,
   +1.52264610e+00,
   +1.55074782e+00,
   +1.57712097e+00,
   +1.59771759e+00,
   +1.61620221e+00,
   +1.62571067e+00,
   +1.63618412e+00,
   +1.64657544e+00,
   +1.66765237e+00,
   +1.68984796e+00,
   +1.71079549e+00,
   +1.72431379e+00,
   +1.72589844e+00,
   +1.72040265e+00,
   +1.71240037e+00,
   +1.72364592e+00,
   +1.74289210e+00,
   +1.77083069e+00,
   +1.78681880e+00,
   +1.80806608e+00,
   +1.83090720e+00,
   +1.85483188e+00,
   +1.87989153e+00,
   +1.90927884e+00,
   +1.94007138e+00,
   +1.96837836e+00,
   +1.99654226e+00,
   +2.02645435e+00,
   +2.05826583e+00,
   +2.09158642e+00,
   +2.12337453e+00,
   +2.14927297e+00,
   +2.17278032e+00,
   +2.19413039e+00,
   +2.21064465e+00,
   +2.22455690e+00,
   +2.23598356e+00,
   +2.24614432e+00,
   +2.25602043e+00,
   +2.25784900e+00,
   +2.25976432e+00,
   +2.26161752e+00,
   +2.26297216e+00,
   +2.26439107e+00,
   +2.26587729e+00,
   +2.26517578e+00,
   +2.26364296e+00,
   +2.26116436e+00,
   +2.25637567e+00,
   +2.25135982e+00,
   +2.24520856e+00,
   +2.23874729e+00,
   +2.17899349e+00,
   +2.00262160e+00,
   +1.76406352e+00,
   +1.52040262e+00,
   +1.30425358e+00,
   +1.09683716e+00,
   +9.35263466e-01,
   +8.16040305e-01,
   +7.46662821e-01,
   +6.85911164e-01,
   +6.46151135e-01,
   +6.11598503e-01,
   +5.85703328e-01,
   +5.58014450e-01,
   +5.28440424e-01,
   +4.96647458e-01,
   +4.67722169e-01,
   +4.37008212e-01,
   +3.95912843e-01,
   +3.63207204e-01,
   +3.38303101e-01,
   +3.37930142e-01,
   +3.37739654e-01,
   +3.34422731e-01,
   +3.27325296e-01,
   +3.17386804e-01,
   +3.01824393e-01,
   +2.86222209e-01,
   +2.71918152e-01,
   +2.58608727e-01,
   +2.45886387e-01,
   +2.33922963e-01,
   +2.22722900e-01,
   +2.12201103e-01,
   +2.02474181e-01,
   +1.93320632e-01,
   +1.84542000e-01
});


//species: "235u" reaction: "N_2N" from file: "json_data/235u_cross_sections.json"
fEDCS["235u_N_2N"] = new EnergyDependentCS(5.32074000e+00, 2.90000000e+01, {
   +0.00000000e+00,
   +1.89722687e-02,
   +1.14351934e-01,
   +2.23459575e-01,
   +3.11618846e-01,
   +3.67038193e-01,
   +4.23167477e-01,
   +4.72630243e-01,
   +5.17991472e-01,
   +5.71496606e-01,
   +6.26167758e-01,
   +6.80019473e-01,
   +7.29603141e-01,
   +7.73175548e-01,
   +8.10542342e-01,
   +8.44210575e-01,
   +8.72298568e-01,
   +8.80108081e-01,
   +8.48750356e-01,
   +7.49721151e-01,
   +6.27755433e-01,
   +5.05699032e-01,
   +4.15449653e-01,
   +3.67125222e-01,
   +3.37034242e-01,
   +3.20290122e-01,
   +3.06372033e-01,
   +2.84846064e-01,
   +2.63545901e-01,
   +2.44181703e-01,
   +2.25867268e-01,
   +2.08428592e-01,
   +1.91797420e-01,
   +1.76851278e-01,
   +1.62186267e-01,
   +1.48397368e-01,
   +0.00000000e+00
});


//species: "235u" reaction: "N_3N" from file: "json_data/235u_cross_sections.json"
fEDCS["235u_N_3N"] = new EnergyDependentCS(1.21931000e+01, 2.90000000e+01, {
   +0.00000000e+00,
   +3.49247175e-04,
   +8.06615302e-03,
   +3.78162277e-02,
   +9.12246698e-02,
   +1.47889786e-01,
   +1.93866926e-01,
   +2.21214471e-01,
   +2.48510044e-01,
   +2.64302080e-01,
   +2.69967425e-01,
   +2.61539427e-01,
   +2.39156434e-01,
   +2.09082670e-01,
   +1.80355237e-01,
   +1.57798360e-01,
   +1.39552140e-01,
   +1.23573015e-01,
   +0.00000000e+00
});


//species: "235u" reaction: "Fission" from file: "json_data/235u_cross_sections.json"
fEDCS["235u_Fission"] = new EnergyDependentCS(2.50110000e-02, 2.98241000e+01, {
   +2.16040000e+00,
   +2.20591527e+00,
   +2.17427287e+00,
   +2.18904181e+00,
   +2.16484079e+00,
   +2.21049441e+00,
   +1.95959612e+00,
   +1.89607533e+00,
   +1.69701978e+00,
   +1.78676712e+00,
   +1.88415290e+00,
   +1.83033087e+00,
   +1.94677782e+00,
   +1.78249250e+00,
   +1.91174631e+00,
   +1.82573479e+00,
   +1.92075258e+00,
   +1.84774220e+00,
   +1.84872199e+00,
   +1.85896793e+00,
   +1.74798419e+00,
   +1.70754605e+00,
   +1.68042955e+00,
   +1.68432318e+00,
   +1.67523562e+00,
   +1.64456251e+00,
   +1.61243587e+00,
   +1.59354965e+00,
   +1.58482036e+00,
   +1.57894723e+00,
   +1.58653191e+00,
   +1.56585528e+00,
   +1.54419883e+00,
   +1.52151614e+00,
   +1.49943590e+00,
   +1.48742888e+00,
   +1.47485288e+00,
   +1.46168093e+00,
   +1.44788479e+00,
   +1.43343489e+00,
   +1.42125579e+00,
   +1.40901070e+00,
   +1.39993823e+00,
   +1.38864378e+00,
   +1.36575315e+00,
   +1.34714938e+00,
   +1.34854951e+00,
   +1.32343264e+00,
   +1.30000109e+00,
   +1.29366167e+00,
   +1.27728319e+00,
   +1.25709996e+00,
   +1.23762402e+00,
   +1.23228301e+00,
   +1.23168630e+00,
   +1.23469003e+00,
   +1.22852795e+00,
   +1.21611496e+00,
   +1.21776760e+00,
   +1.20655620e+00,
   +1.18717032e+00,
   +1.19996688e+00,
   +1.17805507e+00,
   +1.15292656e+00,
   +1.14086092e+00,
   +1.14135888e+00,
   +1.13061233e+00,
   +1.13197792e+00,
   +1.12702193e+00,
   +1.11208858e+00,
   +1.11792477e+00,
   +1.11881221e+00,
   +1.11717900e+00,
   +1.12734738e+00,
   +1.12381250e+00,
   +1.11163091e+00,
   +1.11850357e+00,
   +1.13593959e+00,
   +1.16252336e+00,
   +1.20174184e+00,
   +1.20216999e+00,
   +1.19723038e+00,
   +1.19565425e+00,
   +1.20183063e+00,
   +1.20829970e+00,
   +1.21507532e+00,
   +1.22217202e+00,
   +1.22960501e+00,
   +1.23739445e+00,
   +1.24611846e+00,
   +1.25525589e+00,
   +1.26251090e+00,
   +1.26922691e+00,
   +1.27626117e+00,
   +1.28362877e+00,
   +1.28681312e+00,
   +1.28202168e+00,
   +1.27700319e+00,
   +1.27101260e+00,
   +1.26441556e+00,
   +1.25786751e+00,
   +1.24949399e+00,
   +1.23805046e+00,
   +1.22376487e+00,
   +1.20939334e+00,
   +1.19717062e+00,
   +1.18436869e+00,
   +1.17096011e+00,
   +1.15746978e+00,
   +1.14542701e+00,
   +1.13414124e+00,
   +1.12661304e+00,
   +1.11872810e+00,
   +1.10192997e+00,
   +1.08227420e+00,
   +1.06602444e+00,
   +1.04976792e+00,
   +1.03829745e+00,
   +1.06518914e+00,
   +1.17028108e+00,
   +1.31918358e+00,
   +1.45047731e+00,
   +1.57491025e+00,
   +1.68129116e+00,
   +1.74553175e+00,
   +1.78763164e+00,
   +1.79167113e+00,
   +1.78222709e+00,
   +1.77233551e+00,
   +1.76197520e+00,
   +1.75147332e+00,
   +1.74090187e+00,
   +1.71786633e+00,
   +1.71433696e+00,
   +1.78268648e+00,
   +1.87990920e+00,
   +1.99715136e+00,
   +2.08376336e+00,
   +2.11860253e+00,
   +2.14287794e+00,
   +2.13516604e+00,
   +2.09393060e+00,
   +2.06206614e+00,
   +2.03856591e+00,
   +2.02530039e+00,
   +2.06099584e+00,
   +2.10412752e+00,
   +2.13294664e+00,
   +2.10788889e+00,
   +2.11858321e+00,
   +2.12813832e+00,
   +2.11336560e+00,
   +2.12069284e+00,
   +2.14626000e+00
});


