// This data is created by "parse_ENDF_json.py", using the dataset "json_data/238u_cross_sections.json".
// The points are evenly, GEOMETRICALLY spaced incident neutron energy, with the first point correpsonding to
// Mev_min, and the last point corresponding to MeV_max.
// Each point in the vector is the cross section, in barns.



//species: "238u" reaction: "Elastic" from file: "json_data/238u_cross_sections.json"
fEDCS["238u_Elastic"] = new EnergyDependentCS(2.50302000e-02, 2.98240000e+01, {
   +1.34609000e+01,
   +1.34435942e+01,
   +1.34254383e+01,
   +1.34064139e+01,
   +1.33865418e+01,
   +1.33298425e+01,
   +1.32654429e+01,
   +1.31979314e+01,
   +1.31272276e+01,
   +1.30532326e+01,
   +1.29756456e+01,
   +1.28944079e+01,
   +1.28093216e+01,
   +1.27261981e+01,
   +1.26847028e+01,
   +1.26411871e+01,
   +1.25975409e+01,
   +1.25586062e+01,
   +1.24153576e+01,
   +1.22609032e+01,
   +1.20990944e+01,
   +1.19637803e+01,
   +1.18775593e+01,
   +1.17872310e+01,
   +1.17074575e+01,
   +1.16603213e+01,
   +1.16109010e+01,
   +1.15522467e+01,
   +1.14632546e+01,
   +1.13411864e+01,
   +1.11016449e+01,
   +1.10334877e+01,
   +1.09621615e+01,
   +1.08874274e+01,
   +1.08091707e+01,
   +1.07231571e+01,
   +1.06292660e+01,
   +1.05309121e+01,
   +1.04279195e+01,
   +1.03056192e+01,
   +1.01609333e+01,
   +1.00307838e+01,
   +9.90757522e+00,
   +9.77852877e+00,
   +9.64336780e+00,
   +9.50406040e+00,
   +9.37725076e+00,
   +9.24443258e+00,
   +9.10532117e+00,
   +8.95961834e+00,
   +8.82113419e+00,
   +8.68172691e+00,
   +8.53571419e+00,
   +8.38278305e+00,
   +8.22362972e+00,
   +8.07824916e+00,
   +7.92598012e+00,
   +7.77450829e+00,
   +7.63155422e+00,
   +7.48182666e+00,
   +7.32500465e+00,
   +7.17435828e+00,
   +7.02310419e+00,
   +6.87056993e+00,
   +6.71757005e+00,
   +6.56269698e+00,
   +6.42869010e+00,
   +6.28833366e+00,
   +6.14132681e+00,
   +5.99301164e+00,
   +5.85762118e+00,
   +5.72799636e+00,
   +5.54694786e+00,
   +5.36295198e+00,
   +5.17458920e+00,
   +4.99061532e+00,
   +4.83373871e+00,
   +4.68967331e+00,
   +4.53971805e+00,
   +4.37540223e+00,
   +4.20086360e+00,
   +4.04680103e+00,
   +3.89659081e+00,
   +3.77782969e+00,
   +3.68587763e+00,
   +3.61205601e+00,
   +3.55368492e+00,
   +3.49879933e+00,
   +3.46005464e+00,
   +3.43856437e+00,
   +3.43004087e+00,
   +3.43714116e+00,
   +3.45238556e+00,
   +3.47841067e+00,
   +3.51393524e+00,
   +3.56923732e+00,
   +3.63134650e+00,
   +3.70617714e+00,
   +3.78455344e+00,
   +3.86664338e+00,
   +3.96738099e+00,
   +4.05677392e+00,
   +4.14288240e+00,
   +4.21859175e+00,
   +4.29426949e+00,
   +4.35359793e+00,
   +4.41573750e+00,
   +4.45670862e+00,
   +4.47851356e+00,
   +4.48899839e+00,
   +4.49180550e+00,
   +4.48203539e+00,
   +4.44416541e+00,
   +4.39787536e+00,
   +4.33483442e+00,
   +4.25653158e+00,
   +4.15751991e+00,
   +4.05365828e+00,
   +3.94248359e+00,
   +3.82246846e+00,
   +3.68953566e+00,
   +3.55164034e+00,
   +3.41489764e+00,
   +3.28521477e+00,
   +3.16152464e+00,
   +3.04806849e+00,
   +2.94572088e+00,
   +2.86035315e+00,
   +2.79418798e+00,
   +2.73935547e+00,
   +2.70562367e+00,
   +2.68876714e+00,
   +2.68930549e+00,
   +2.69770625e+00,
   +2.72535967e+00,
   +2.76400521e+00,
   +2.81821960e+00,
   +2.87594645e+00,
   +2.94240406e+00,
   +3.01648925e+00,
   +3.09209775e+00,
   +3.16696438e+00,
   +3.23397094e+00,
   +3.28872041e+00,
   +3.33001019e+00,
   +3.35491518e+00,
   +3.36832651e+00,
   +3.36516734e+00,
   +3.33982398e+00,
   +3.29050994e+00,
   +3.23196623e+00,
   +3.15616971e+00,
   +3.06686404e+00,
   +2.97029000e+00
});


//species: "238u" reaction: "Inelastic" from file: "json_data/238u_cross_sections.json"
fEDCS["238u_Inelastic"] = new EnergyDependentCS(4.51063000e-02, 2.90000000e+01, {
   +1.07404186e-16,
   +3.30024009e-02,
   +6.75647958e-02,
   +9.51315704e-02,
   +1.21361625e-01,
   +1.44255254e-01,
   +1.66283141e-01,
   +1.95417385e-01,
   +2.27269972e-01,
   +2.60628203e-01,
   +2.90809827e-01,
   +3.17246341e-01,
   +3.53790051e-01,
   +3.87291257e-01,
   +4.18974615e-01,
   +4.51922949e-01,
   +4.81170893e-01,
   +5.11801362e-01,
   +5.40886336e-01,
   +5.70389930e-01,
   +6.01288133e-01,
   +6.33646866e-01,
   +6.70728341e-01,
   +7.10306589e-01,
   +7.51755665e-01,
   +7.89133393e-01,
   +8.21563081e-01,
   +8.55904355e-01,
   +8.88573613e-01,
   +9.20402350e-01,
   +9.53735603e-01,
   +9.87660419e-01,
   +1.02191919e+00,
   +1.05502556e+00,
   +1.08877312e+00,
   +1.12411591e+00,
   +1.16112931e+00,
   +1.19491585e+00,
   +1.22907987e+00,
   +1.26485879e+00,
   +1.30232895e+00,
   +1.34157029e+00,
   +1.37418078e+00,
   +1.40811983e+00,
   +1.44192977e+00,
   +1.47242731e+00,
   +1.50436644e+00,
   +1.53781531e+00,
   +1.57026639e+00,
   +1.60335564e+00,
   +1.63923980e+00,
   +1.67729709e+00,
   +1.71715332e+00,
   +1.74939227e+00,
   +1.78293965e+00,
   +1.82016831e+00,
   +1.85915673e+00,
   +1.89433001e+00,
   +1.92439635e+00,
   +1.96546088e+00,
   +2.07120883e+00,
   +2.16387792e+00,
   +2.25257340e+00,
   +2.33204232e+00,
   +2.40063361e+00,
   +2.46636201e+00,
   +2.54777388e+00,
   +2.67643565e+00,
   +2.79184834e+00,
   +2.90875253e+00,
   +2.99517140e+00,
   +3.08370683e+00,
   +3.14457151e+00,
   +3.17752132e+00,
   +3.17181547e+00,
   +3.12472485e+00,
   +3.08361670e+00,
   +3.07682823e+00,
   +3.09285243e+00,
   +3.11243019e+00,
   +3.12766217e+00,
   +3.13523197e+00,
   +3.14889277e+00,
   +3.15759864e+00,
   +3.15743389e+00,
   +3.16296846e+00,
   +3.16744052e+00,
   +3.14523560e+00,
   +3.13026216e+00,
   +3.10673419e+00,
   +3.09273391e+00,
   +3.07650031e+00,
   +3.04685505e+00,
   +3.02397610e+00,
   +3.00045189e+00,
   +2.97651409e+00,
   +2.95172731e+00,
   +2.92576888e+00,
   +2.89871463e+00,
   +2.87184983e+00,
   +2.84527900e+00,
   +2.81906667e+00,
   +2.79276765e+00,
   +2.76747431e+00,
   +2.74098539e+00,
   +2.70441143e+00,
   +2.63850467e+00,
   +2.49858947e+00,
   +2.22263009e+00,
   +1.88103188e+00,
   +1.57349424e+00,
   +1.29916094e+00,
   +1.09767360e+00,
   +9.62352876e-01,
   +8.61234970e-01,
   +7.89106467e-01,
   +7.34812014e-01,
   +6.94268113e-01,
   +6.60872591e-01,
   +6.31738057e-01,
   +6.04499758e-01,
   +5.78825921e-01,
   +5.54564168e-01,
   +5.31125611e-01,
   +5.08209072e-01,
   +4.85829934e-01,
   +4.64344274e-01,
   +4.43711606e-01,
   +4.24215232e-01,
   +4.05332189e-01,
   +3.87305528e-01,
   +3.70441321e-01,
   +3.54922059e-01,
   +3.39767350e-01,
   +3.25901540e-01,
   +3.12795947e-01,
   +3.00959091e-01,
   +2.90215927e-01,
   +2.80266731e-01,
   +2.71040335e-01,
   +0.00000000e+00
});


//species: "238u" reaction: "N_2N" from file: "json_data/238u_cross_sections.json"
fEDCS["238u_N_2N"] = new EnergyDependentCS(6.17907000e+00, 2.90000000e+01, {
   +0.00000000e+00,
   +6.64573007e-02,
   +3.23724498e-01,
   +5.91865858e-01,
   +8.50287229e-01,
   +1.02406688e+00,
   +1.16103715e+00,
   +1.26459120e+00,
   +1.33861677e+00,
   +1.38223171e+00,
   +1.41564615e+00,
   +1.43421611e+00,
   +1.44795234e+00,
   +1.45898538e+00,
   +1.45895141e+00,
   +1.40583589e+00,
   +1.25013096e+00,
   +1.03111989e+00,
   +8.01642187e-01,
   +6.05224384e-01,
   +4.70249941e-01,
   +3.73796645e-01,
   +3.07927838e-01,
   +2.65280499e-01,
   +2.37428550e-01,
   +2.17573432e-01,
   +2.01467136e-01,
   +1.86792303e-01,
   +1.73745374e-01,
   +1.61841399e-01,
   +1.50245435e-01,
   +1.39156691e-01,
   +1.27763060e-01,
   +0.00000000e+00
});


//species: "238u" reaction: "N_3N" from file: "json_data/238u_cross_sections.json"
fEDCS["238u_N_3N"] = new EnergyDependentCS(1.13268000e+01, 2.90000000e+01, {
   +0.00000000e+00,
   +6.19119348e-03,
   +5.60996422e-02,
   +1.82935715e-01,
   +3.46891016e-01,
   +5.05447913e-01,
   +6.35510376e-01,
   +7.27086838e-01,
   +7.94872755e-01,
   +8.41545624e-01,
   +8.70170874e-01,
   +8.75314700e-01,
   +8.27014278e-01,
   +7.21518688e-01,
   +5.88320804e-01,
   +4.59298180e-01,
   +3.52672921e-01,
   +2.82530142e-01,
   +2.32304859e-01,
   +1.98536741e-01,
   +0.00000000e+00
});


//species: "238u" reaction: "Fission" from file: "json_data/238u_cross_sections.json"
fEDCS["238u_Fission"] = new EnergyDependentCS(2.50189000e-02, 2.98240000e+01, {
   +8.33090000e-05,
   +6.45922044e-05,
   +5.15351477e-05,
   +3.83037502e-05,
   +2.41371513e-05,
   +1.68775577e-05,
   +1.87101046e-05,
   +2.56750160e-05,
   +3.08176816e-05,
   +3.75721844e-05,
   +5.01209568e-05,
   +6.62589116e-05,
   +8.12808247e-05,
   +9.58586645e-05,
   +1.07485122e-04,
   +1.15224610e-04,
   +1.12556614e-04,
   +1.07085337e-04,
   +1.05249862e-04,
   +1.02016890e-04,
   +9.17231551e-05,
   +7.86164891e-05,
   +6.47743291e-05,
   +5.01046934e-05,
   +3.47239401e-05,
   +2.08909083e-05,
   +1.45259110e-05,
   +1.27420626e-05,
   +1.86251431e-05,
   +3.64112849e-05,
   +5.50337252e-05,
   +6.66062694e-05,
   +7.90280084e-05,
   +9.66540829e-05,
   +1.20665847e-04,
   +1.50784930e-04,
   +1.77708681e-04,
   +1.92823125e-04,
   +1.74050284e-04,
   +9.00677779e-05,
   +6.22557723e-05,
   +6.56093966e-05,
   +6.71810884e-05,
   +6.94779973e-05,
   +7.18837462e-05,
   +7.44034924e-05,
   +7.70426378e-05,
   +7.98068403e-05,
   +8.27020256e-05,
   +8.57344005e-05,
   +9.16387430e-05,
   +1.04959948e-04,
   +1.18912383e-04,
   +1.33525960e-04,
   +1.48832008e-04,
   +1.64863339e-04,
   +1.81654322e-04,
   +1.99240952e-04,
   +2.17660931e-04,
   +2.36953749e-04,
   +2.57160766e-04,
   +2.78325299e-04,
   +3.00492724e-04,
   +3.02132382e-04,
   +2.88197345e-04,
   +4.15159971e-04,
   +6.35117079e-04,
   +6.51621168e-04,
   +9.00954074e-04,
   +1.22492344e-03,
   +1.29857048e-03,
   +1.54964508e-03,
   +1.91820396e-03,
   +2.45752501e-03,
   +3.46765521e-03,
   +4.93410022e-03,
   +6.67766400e-03,
   +1.18631844e-02,
   +1.62188287e-02,
   +1.61033291e-02,
   +1.67373982e-02,
   +2.30128932e-02,
   +3.42747674e-02,
   +4.34952709e-02,
   +4.12229673e-02,
   +6.26162262e-02,
   +1.09131336e-01,
   +2.03566779e-01,
   +3.33198373e-01,
   +3.84147792e-01,
   +4.26101623e-01,
   +4.50728374e-01,
   +4.90114328e-01,
   +5.19031187e-01,
   +5.39368409e-01,
   +5.39861433e-01,
   +5.45504108e-01,
   +5.49143598e-01,
   +5.47716469e-01,
   +5.46221715e-01,
   +5.43951013e-01,
   +5.41552994e-01,
   +5.38549879e-01,
   +5.29787790e-01,
   +5.29505507e-01,
   +5.35078541e-01,
   +5.40915655e-01,
   +5.47029364e-01,
   +5.51725649e-01,
   +5.55019616e-01,
   +5.58323148e-01,
   +5.60295815e-01,
   +5.62361957e-01,
   +5.60828460e-01,
   +5.52810051e-01,
   +5.49902860e-01,
   +5.49668707e-01,
   +5.56408785e-01,
   +5.89159546e-01,
   +6.75114765e-01,
   +8.05322997e-01,
   +8.88169216e-01,
   +9.53836954e-01,
   +9.87212535e-01,
   +9.99291615e-01,
   +1.01599963e+00,
   +1.01488716e+00,
   +1.01658769e+00,
   +1.01440945e+00,
   +1.01156677e+00,
   +1.01006154e+00,
   +1.00947698e+00,
   +1.00701072e+00,
   +9.94242334e-01,
   +1.00182376e+00,
   +1.02384832e+00,
   +1.09740964e+00,
   +1.16796827e+00,
   +1.23049464e+00,
   +1.28576846e+00,
   +1.31711646e+00,
   +1.32021167e+00,
   +1.31956603e+00,
   +1.34828172e+00,
   +1.38912457e+00,
   +1.47219994e+00,
   +1.54101346e+00,
   +1.58255446e+00,
   +1.56364139e+00,
   +1.56995770e+00,
   +1.57565256e+00,
   +1.57259111e+00,
   +1.60974675e+00,
   +1.65609000e+00
});


